car_results:
  T-statistic: -6.41202079
  P-value    : 0.00018119
